50
-1 13 -1 -1 -1 -1 -1 -1 51 -1 47 -1 -1 -1 -1 -1 9 -1 -1 -1 56 -1 -1 -1 -1 55 -1 -1 -1 -1 -1 -1 51 -1 -1 -1 47 -1 50 -1 -1 48 -1 -1 -1 -1 -1 -1 -1 -1 
13 -1 -1 51 -1 -1 -1 -1 -1 -1 -1 45 -1 -1 -1 -1 -1 -1 47 47 52 48 -1 48 -1 -1 47 -1 52 -1 -1 -1 49 -1 47 -1 -1 -1 -1 55 -1 -1 -1 -1 -1 -1 46 -1 -1 5 
-1 -1 -1 -1 51 -1 -1 -1 -1 49 -1 -1 -1 -1 -1 -1 -1 -1 5 -1 8 -1 -1 -1 -1 -1 -1 -1 -1 -1 -1 -1 52 -1 -1 -1 -1 -1 -1 -1 -1 48 -1 -1 -1 51 -1 -1 -1 51 
-1 51 -1 -1 -1 -1 -1 45 -1 47 -1 -1 -1 -1 -1 -1 -1 8 -1 -1 -1 -1 -1 -1 -1 -1 48 10 52 -1 52 49 -1 -1 -1 51 -1 -1 -1 -1 -1 -1 -1 49 -1 -1 52 -1 -1 -1 
-1 -1 51 -1 -1 54 -1 47 -1 -1 -1 -1 -1 -1 -1 -1 -1 -1 -1 -1 -1 -1 -1 51 -1 -1 -1 -1 -1 50 -1 -1 50 7 -1 -1 53 -1 -1 -1 48 -1 -1 -1 -1 -1 14 -1 -1 -1 
-1 -1 -1 -1 54 -1 -1 -1 -1 57 11 7 -1 52 -1 -1 51 -1 -1 -1 43 -1 52 -1 -1 -1 -1 49 -1 -1 55 -1 -1 -1 -1 -1 -1 -1 -1 46 -1 -1 -1 -1 -1 50 48 -1 -1 -1 
-1 -1 -1 -1 -1 -1 -1 -1 -1 -1 -1 -1 -1 -1 -1 -1 9 -1 55 -1 -1 -1 -1 -1 -1 -1 -1 51 -1 47 -1 -1 44 -1 -1 -1 -1 -1 -1 -1 -1 9 49 50 -1 -1 -1 -1 -1 -1 
-1 -1 -1 45 47 -1 -1 -1 -1 -1 -1 -1 -1 -1 -1 53 -1 -1 51 -1 -1 -1 -1 -1 -1 -1 -1 47 -1 49 -1 -1 7 -1 -1 -1 -1 -1 50 -1 -1 -1 9 -1 -1 47 -1 -1 46 -1 
51 -1 -1 -1 -1 -1 -1 -1 -1 -1 -1 -1 -1 -1 7 -1 42 -1 50 48 -1 -1 -1 -1 -1 49 -1 11 -1 -1 -1 -1 -1 -1 -1 -1 -1 -1 -1 -1 -1 -1 -1 -1 -1 -1 -1 -1 -1 -1 
-1 -1 49 47 -1 57 -1 -1 -1 -1 8 -1 -1 -1 -1 -1 -1 -1 -1 -1 -1 -1 -1 -1 -1 -1 -1 -1 -1 -1 -1 -1 -1 49 -1 -1 -1 -1 -1 46 11 -1 -1 -1 -1 -1 -1 -1 -1 -1 
47 -1 -1 -1 -1 11 -1 -1 -1 8 -1 -1 -1 -1 -1 -1 -1 -1 48 -1 -1 -1 -1 -1 -1 -1 -1 -1 47 -1 -1 -1 50 -1 -1 -1 -1 -1 -1 -1 -1 -1 -1 -1 -1 -1 -1 -1 -1 -1 
-1 45 -1 -1 -1 7 -1 -1 -1 -1 -1 -1 -1 47 -1 -1 -1 -1 50 -1 -1 45 53 6 -1 -1 -1 -1 -1 48 -1 -1 -1 -1 -1 48 -1 -1 -1 -1 44 -1 -1 50 -1 -1 -1 -1 -1 -1 
-1 -1 -1 -1 -1 -1 -1 -1 -1 -1 -1 -1 -1 -1 -1 -1 -1 -1 53 -1 -1 -1 -1 9 -1 -1 -1 -1 -1 -1 -1 53 -1 -1 -1 -1 -1 -1 -1 -1 -1 -1 -1 -1 -1 -1 11 -1 52 -1 
-1 -1 -1 -1 -1 52 -1 -1 -1 -1 -1 47 -1 -1 -1 -1 -1 49 -1 -1 -1 -1 47 48 10 6 -1 42 -1 -1 -1 -1 -1 -1 -1 -1 -1 -1 -1 52 -1 -1 -1 -1 -1 -1 52 -1 51 45 
-1 -1 -1 -1 -1 -1 -1 -1 7 -1 -1 -1 -1 -1 -1 45 -1 -1 -1 -1 -1 49 -1 50 -1 -1 9 -1 -1 -1 50 -1 46 -1 -1 -1 -1 -1 -1 -1 -1 -1 -1 -1 -1 -1 -1 -1 -1 -1 
-1 -1 -1 -1 -1 -1 -1 53 -1 -1 -1 -1 -1 -1 45 -1 -1 51 -1 -1 -1 -1 -1 -1 -1 -1 14 -1 -1 -1 -1 54 -1 49 7 -1 -1 -1 -1 -1 -1 -1 48 -1 -1 -1 -1 44 -1 -1 
9 -1 -1 -1 -1 51 9 -1 42 -1 -1 -1 -1 -1 -1 -1 -1 -1 -1 -1 47 52 -1 49 -1 -1 -1 -1 -1 -1 -1 -1 -1 -1 -1 -1 -1 -1 -1 53 -1 -1 51 -1 -1 -1 -1 -1 -1 -1 
-1 -1 -1 8 -1 -1 -1 -1 -1 -1 -1 -1 -1 49 -1 51 -1 -1 45 -1 -1 -1 -1 -1 -1 -1 -1 51 -1 -1 11 -1 -1 -1 -1 47 -1 -1 -1 -1 -1 -1 47 -1 -1 -1 -1 -1 -1 51 
-1 47 5 -1 -1 -1 55 51 50 -1 48 50 53 -1 -1 -1 -1 45 -1 -1 -1 -1 54 -1 -1 -1 -1 -1 -1 48 -1 8 -1 -1 -1 -1 51 -1 -1 -1 -1 -1 -1 -1 -1 -1 -1 -1 -1 -1 
-1 47 -1 -1 -1 -1 -1 -1 48 -1 -1 -1 -1 -1 -1 -1 -1 -1 -1 -1 -1 -1 -1 -1 -1 9 47 -1 -1 9 -1 -1 -1 -1 -1 -1 -1 -1 -1 57 -1 -1 -1 -1 -1 -1 -1 -1 -1 -1 
56 52 8 -1 -1 43 -1 -1 -1 -1 -1 -1 -1 -1 -1 -1 47 -1 -1 -1 -1 -1 -1 -1 -1 50 -1 52 -1 -1 -1 -1 -1 -1 -1 -1 -1 -1 -1 -1 -1 -1 -1 -1 7 -1 -1 -1 -1 -1 
-1 48 -1 -1 -1 -1 -1 -1 -1 -1 -1 45 -1 -1 49 -1 52 -1 -1 -1 -1 -1 -1 49 -1 -1 -1 -1 -1 53 -1 -1 -1 -1 -1 -1 -1 -1 -1 -1 -1 -1 -1 -1 -1 8 -1 11 -1 -1 
-1 -1 -1 -1 -1 52 -1 -1 -1 -1 -1 53 -1 47 -1 -1 -1 -1 54 -1 -1 -1 -1 -1 -1 -1 -1 -1 48 -1 -1 -1 48 6 51 -1 50 -1 -1 -1 -1 12 -1 -1 49 -1 -1 49 -1 -1 
-1 48 -1 -1 51 -1 -1 -1 -1 -1 -1 6 9 48 50 -1 49 -1 -1 -1 -1 49 -1 -1 47 -1 48 -1 -1 -1 -1 -1 -1 -1 -1 -1 56 -1 -1 -1 -1 -1 50 -1 -1 43 -1 50 47 52 
-1 -1 -1 -1 -1 -1 -1 -1 -1 -1 -1 -1 -1 10 -1 -1 -1 -1 -1 -1 -1 -1 -1 47 -1 -1 -1 -1 -1 -1 -1 -1 -1 -1 -1 -1 -1 -1 -1 -1 10 -1 -1 -1 -1 46 -1 -1 -1 -1 
55 -1 -1 -1 -1 -1 -1 -1 49 -1 -1 -1 -1 6 -1 -1 -1 -1 -1 9 50 -1 -1 -1 -1 -1 -1 -1 -1 -1 -1 -1 -1 -1 -1 54 51 -1 -1 -1 -1 -1 53 -1 -1 -1 50 -1 -1 51 
-1 47 -1 48 -1 -1 -1 -1 -1 -1 -1 -1 -1 -1 9 14 -1 -1 -1 47 -1 -1 -1 48 -1 -1 -1 -1 -1 -1 -1 -1 -1 -1 48 -1 -1 -1 -1 -1 -1 -1 -1 -1 -1 -1 -1 -1 -1 52 
-1 -1 -1 10 -1 49 51 47 11 -1 -1 -1 -1 42 -1 -1 -1 51 -1 -1 52 -1 -1 -1 -1 -1 -1 -1 -1 -1 -1 -1 -1 -1 -1 -1 -1 43 45 50 -1 -1 -1 -1 48 -1 -1 -1 -1 -1 
-1 52 -1 52 -1 -1 -1 -1 -1 -1 47 -1 -1 -1 -1 -1 -1 -1 -1 -1 -1 -1 48 -1 -1 -1 -1 -1 -1 -1 -1 8 53 -1 -1 -1 50 9 -1 -1 -1 -1 -1 -1 -1 -1 -1 -1 -1 -1 
-1 -1 -1 -1 50 -1 47 49 -1 -1 -1 48 -1 -1 -1 -1 -1 -1 48 9 -1 53 -1 -1 -1 -1 -1 -1 -1 -1 -1 -1 -1 -1 -1 -1 12 -1 -1 -1 -1 -1 -1 -1 -1 45 48 -1 -1 -1 
-1 -1 -1 52 -1 55 -1 -1 -1 -1 -1 -1 -1 -1 50 -1 -1 11 -1 -1 -1 -1 -1 -1 -1 -1 -1 -1 -1 -1 -1 -1 9 -1 53 -1 -1 -1 -1 -1 -1 53 52 -1 -1 -1 -1 -1 -1 -1 
-1 -1 -1 49 -1 -1 -1 -1 -1 -1 -1 -1 53 -1 -1 54 -1 -1 8 -1 -1 -1 -1 -1 -1 -1 -1 -1 8 -1 -1 -1 -1 -1 -1 -1 -1 -1 47 53 -1 49 -1 -1 -1 -1 -1 -1 -1 -1 
51 49 52 -1 50 -1 44 7 -1 -1 50 -1 -1 -1 46 -1 -1 -1 -1 -1 -1 -1 48 -1 -1 -1 -1 -1 53 -1 9 -1 -1 -1 -1 -1 -1 -1 -1 -1 -1 -1 -1 -1 -1 -1 -1 -1 51 -1 
-1 -1 -1 -1 7 -1 -1 -1 -1 49 -1 -1 -1 -1 -1 49 -1 -1 -1 -1 -1 -1 6 -1 -1 -1 -1 -1 -1 -1 -1 -1 -1 -1 48 -1 -1 -1 -1 52 -1 -1 -1 -1 -1 -1 -1 -1 -1 49 
-1 47 -1 -1 -1 -1 -1 -1 -1 -1 -1 -1 -1 -1 -1 7 -1 -1 -1 -1 -1 -1 51 -1 -1 -1 48 -1 -1 -1 53 -1 -1 48 -1 6 -1 -1 -1 -1 -1 -1 -1 46 -1 -1 -1 -1 -1 -1 
-1 -1 -1 51 -1 -1 -1 -1 -1 -1 -1 48 -1 -1 -1 -1 -1 47 -1 -1 -1 -1 -1 -1 -1 54 -1 -1 -1 -1 -1 -1 -1 -1 6 -1 -1 12 -1 -1 -1 -1 -1 -1 -1 -1 -1 -1 49 -1 
47 -1 -1 -1 53 -1 -1 -1 -1 -1 -1 -1 -1 -1 -1 -1 -1 -1 51 -1 -1 -1 50 56 -1 51 -1 -1 50 12 -1 -1 -1 -1 -1 -1 -1 -1 -1 -1 -1 -1 -1 14 -1 50 -1 -1 -1 -1 
-1 -1 -1 -1 -1 -1 -1 -1 -1 -1 -1 -1 -1 -1 -1 -1 -1 -1 -1 -1 -1 -1 -1 -1 -1 -1 -1 43 9 -1 -1 -1 -1 -1 -1 12 -1 -1 -1 -1 -1 -1 -1 -1 -1 -1 47 -1 -1 -1 
50 -1 -1 -1 -1 -1 -1 50 -1 -1 -1 -1 -1 -1 -1 -1 -1 -1 -1 -1 -1 -1 -1 -1 -1 -1 -1 45 -1 -1 -1 47 -1 -1 -1 -1 -1 -1 -1 -1 -1 -1 11 7 -1 -1 49 -1 -1 -1 
-1 55 -1 -1 -1 46 -1 -1 -1 46 -1 -1 -1 52 -1 -1 53 -1 -1 57 -1 -1 -1 -1 -1 -1 -1 50 -1 -1 -1 53 -1 52 -1 -1 -1 -1 -1 -1 -1 -1 -1 -1 12 5 -1 -1 -1 -1 
-1 -1 -1 -1 48 -1 -1 -1 -1 11 -1 44 -1 -1 -1 -1 -1 -1 -1 -1 -1 -1 -1 -1 10 -1 -1 -1 -1 -1 -1 -1 -1 -1 -1 -1 -1 -1 -1 -1 -1 -1 49 -1 -1 52 -1 -1 -1 -1 
48 -1 48 -1 -1 -1 9 -1 -1 -1 -1 -1 -1 -1 -1 -1 -1 -1 -1 -1 -1 -1 12 -1 -1 -1 -1 -1 -1 -1 53 49 -1 -1 -1 -1 -1 -1 -1 -1 -1 -1 -1 -1 -1 -1 -1 51 -1 -1 
-1 -1 -1 -1 -1 -1 49 9 -1 -1 -1 -1 -1 -1 -1 48 51 47 -1 -1 -1 -1 -1 50 -1 53 -1 -1 -1 -1 52 -1 -1 -1 -1 -1 -1 -1 11 -1 49 -1 -1 -1 -1 -1 -1 -1 -1 -1 
-1 -1 -1 49 -1 -1 50 -1 -1 -1 -1 50 -1 -1 -1 -1 -1 -1 -1 -1 -1 -1 -1 -1 -1 -1 -1 -1 -1 -1 -1 -1 -1 -1 46 -1 14 -1 7 -1 -1 -1 -1 -1 -1 -1 -1 -1 -1 -1 
-1 -1 -1 -1 -1 -1 -1 -1 -1 -1 -1 -1 -1 -1 -1 -1 -1 -1 -1 -1 7 -1 49 -1 -1 -1 -1 48 -1 -1 -1 -1 -1 -1 -1 -1 -1 -1 -1 12 -1 -1 -1 -1 -1 -1 49 45 -1 51 
-1 -1 51 -1 -1 50 -1 47 -1 -1 -1 -1 -1 -1 -1 -1 -1 -1 -1 -1 -1 8 -1 43 46 -1 -1 -1 -1 45 -1 -1 -1 -1 -1 -1 50 -1 -1 5 52 -1 -1 -1 -1 -1 -1 -1 -1 -1 
-1 46 -1 52 14 48 -1 -1 -1 -1 -1 -1 11 52 -1 -1 -1 -1 -1 -1 -1 -1 -1 -1 -1 50 -1 -1 -1 48 -1 -1 -1 -1 -1 -1 -1 47 49 -1 -1 -1 -1 -1 49 -1 -1 -1 47 -1 
-1 -1 -1 -1 -1 -1 -1 -1 -1 -1 -1 -1 -1 -1 -1 44 -1 -1 -1 -1 -1 11 49 50 -1 -1 -1 -1 -1 -1 -1 -1 -1 -1 -1 -1 -1 -1 -1 -1 -1 51 -1 -1 45 -1 -1 -1 10 -1 
-1 -1 -1 -1 -1 -1 -1 46 -1 -1 -1 -1 52 51 -1 -1 -1 -1 -1 -1 -1 -1 -1 47 -1 -1 -1 -1 -1 -1 -1 -1 51 -1 -1 49 -1 -1 -1 -1 -1 -1 -1 -1 -1 -1 47 10 -1 15 
-1 5 51 -1 -1 -1 -1 -1 -1 -1 -1 -1 -1 45 -1 -1 -1 51 -1 -1 -1 -1 -1 52 -1 51 52 -1 -1 -1 -1 -1 -1 49 -1 -1 -1 -1 -1 -1 -1 -1 -1 -1 51 -1 -1 -1 15 -1 